 #*********************************************************
 #*** This file contains the Lowdin partial charge data ***
 #*********************************************************
# 1 a.u. of time = 0.0241888433 fs
#----------------------------------------------------------------------
#      No.   Time (a.u.)               O1             H2             H3
#----------------------------------------------------------------------
         0    6.00000000     6.808909e-01   1.595546e-01   1.595546e-01
         1    6.20000000     6.768292e-01   1.615854e-01   1.615854e-01
         2    6.40000000     6.769518e-01   1.615241e-01   1.615241e-01
         3    6.60000000     6.816814e-01   1.591593e-01   1.591593e-01
         4    6.80000000     6.896549e-01   1.551725e-01   1.551725e-01
         5    7.00000000     6.989653e-01   1.505173e-01   1.505173e-01
         6    7.20000000     7.084632e-01   1.457684e-01   1.457684e-01
         7    7.40000000     7.181420e-01   1.409290e-01   1.409290e-01
         8    7.60000000     7.284558e-01   1.357721e-01   1.357721e-01
         9    7.80000000     7.392776e-01   1.303612e-01   1.303612e-01
        10    8.00000000     7.494126e-01   1.252937e-01   1.252937e-01
        11    8.20000000     7.570304e-01   1.214848e-01   1.214848e-01
        12    8.40000000     7.605856e-01   1.197072e-01   1.197072e-01
        13    8.60000000     7.594347e-01   1.202826e-01   1.202826e-01
        14    8.80000000     7.537290e-01   1.231355e-01   1.231355e-01
        15    9.00000000     7.438819e-01   1.280590e-01   1.280590e-01
        16    9.20000000     7.302630e-01   1.348685e-01   1.348685e-01
        17    9.40000000     7.134355e-01   1.432823e-01   1.432823e-01
        18    9.60000000     6.946334e-01   1.526833e-01   1.526833e-01
        19    9.80000000     6.758925e-01   1.620538e-01   1.620538e-01
        20   10.00000000     6.595220e-01   1.702390e-01   1.702390e-01
        21   10.20000000     6.471588e-01   1.764206e-01   1.764206e-01
        22   10.40000000     6.390498e-01   1.804751e-01   1.804751e-01
        23   10.60000000     6.341485e-01   1.829257e-01   1.829257e-01
        24   10.80000000     6.310462e-01   1.844769e-01   1.844769e-01
        25   11.00000000     6.290951e-01   1.854525e-01   1.854525e-01
        26   11.20000000     6.289014e-01   1.855493e-01   1.855493e-01
        27   11.40000000     6.318425e-01   1.840788e-01   1.840788e-01
        28   11.60000000     6.390150e-01   1.804925e-01   1.804925e-01
        29   11.80000000     6.504284e-01   1.747858e-01   1.747858e-01
        30   12.00000000     6.650031e-01   1.674985e-01   1.674985e-01
        31   12.20000000     6.812374e-01   1.593813e-01   1.593813e-01
        32   12.40000000     6.978744e-01   1.510628e-01   1.510628e-01
        33   12.60000000     7.139869e-01   1.430065e-01   1.430065e-01
        34   12.80000000     7.285126e-01   1.357437e-01   1.357437e-01
        35   13.00000000     7.398477e-01   1.300761e-01   1.300761e-01
        36   13.20000000     7.461368e-01   1.269316e-01   1.269316e-01
        37   13.40000000     7.463019e-01   1.268490e-01   1.268490e-01
        38   13.60000000     7.411058e-01   1.294471e-01   1.294471e-01
        39   13.80000000     7.332844e-01   1.333578e-01   1.333578e-01
        40   14.00000000     7.263612e-01   1.368194e-01   1.368194e-01
        41   14.20000000     7.227764e-01   1.386118e-01   1.386118e-01
        42   14.40000000     7.225815e-01   1.387092e-01   1.387092e-01
        43   14.60000000     7.236454e-01   1.381773e-01   1.381773e-01
        44   14.80000000     7.232679e-01   1.383660e-01   1.383660e-01
        45   15.00000000     7.200657e-01   1.399671e-01   1.399671e-01
        46   15.20000000     7.147695e-01   1.426152e-01   1.426152e-01
        47   15.40000000     7.093927e-01   1.453036e-01   1.453036e-01
        48   15.60000000     7.054868e-01   1.472566e-01   1.472566e-01
        49   15.80000000     7.028934e-01   1.485533e-01   1.485533e-01
        50   16.00000000     6.999946e-01   1.500027e-01   1.500027e-01
        51   16.20000000     6.952533e-01   1.523733e-01   1.523733e-01
        52   16.40000000     6.887803e-01   1.556098e-01   1.556098e-01
        53   16.60000000     6.826148e-01   1.586926e-01   1.586926e-01
        54   16.80000000     6.794043e-01   1.602978e-01   1.602978e-01
        55   17.00000000     6.804339e-01   1.597831e-01   1.597831e-01
        56   17.20000000     6.844911e-01   1.577545e-01   1.577545e-01
        57   17.40000000     6.884538e-01   1.557731e-01   1.557731e-01
        58   17.60000000     6.892099e-01   1.553950e-01   1.553950e-01
        59   17.80000000     6.855350e-01   1.572325e-01   1.572325e-01
        60   18.00000000     6.786028e-01   1.606986e-01   1.606986e-01
        61   18.20000000     6.708745e-01   1.645628e-01   1.645628e-01
        62   18.40000000     6.643433e-01   1.678284e-01   1.678284e-01
        63   18.60000000     6.595123e-01   1.702439e-01   1.702439e-01
        64   18.80000000     6.557732e-01   1.721134e-01   1.721134e-01
        65   19.00000000     6.526703e-01   1.736649e-01   1.736649e-01
        66   19.20000000     6.508536e-01   1.745732e-01   1.745732e-01
        67   19.40000000     6.518450e-01   1.740775e-01   1.740775e-01
        68   19.60000000     6.567788e-01   1.716106e-01   1.716106e-01
        69   19.80000000     6.651791e-01   1.674105e-01   1.674105e-01

# Statistics of the imaginary parts (max,min): 
#  O1:    2.23569919e-16,   -4.04885362e-16 
#  H2:    5.35370179e-17,   -5.60365620e-17 
#  H3:    5.47561690e-17,   -8.76178701e-17 
