 #*********************************************************
 #*** This file contains the Lowdin partial charge data ***
 #*********************************************************
# 1 a.u. of time = 0.0241888433 fs
#----------------------------------------------------------------------
#      No.   Time (a.u.)               O1             H2             H3
#----------------------------------------------------------------------
         0    4.00000000     6.808909e-01   1.595546e-01   1.595546e-01
         1    4.20000000     6.768292e-01   1.615854e-01   1.615854e-01
         2    4.40000000     6.769518e-01   1.615241e-01   1.615241e-01
         3    4.60000000     6.816814e-01   1.591593e-01   1.591593e-01
         4    4.80000000     6.896549e-01   1.551725e-01   1.551725e-01
         5    5.00000000     6.989653e-01   1.505173e-01   1.505173e-01
         6    5.20000000     7.084632e-01   1.457684e-01   1.457684e-01
         7    5.40000000     7.181420e-01   1.409290e-01   1.409290e-01
         8    5.60000000     7.284558e-01   1.357721e-01   1.357721e-01
         9    5.80000000     7.392776e-01   1.303612e-01   1.303612e-01
        10    6.00000000     7.494126e-01   1.252937e-01   1.252937e-01
        11    6.20000000     7.570304e-01   1.214848e-01   1.214848e-01
        12    6.40000000     7.605856e-01   1.197072e-01   1.197072e-01
        13    6.60000000     7.594347e-01   1.202826e-01   1.202826e-01
        14    6.80000000     7.537290e-01   1.231355e-01   1.231355e-01
        15    7.00000000     7.438819e-01   1.280590e-01   1.280590e-01
        16    7.20000000     7.302630e-01   1.348685e-01   1.348685e-01
        17    7.40000000     7.134355e-01   1.432823e-01   1.432823e-01
        18    7.60000000     6.946334e-01   1.526833e-01   1.526833e-01
        19    7.80000000     6.758925e-01   1.620538e-01   1.620538e-01
        20    8.00000000     6.595220e-01   1.702390e-01   1.702390e-01
        21    8.20000000     6.471588e-01   1.764206e-01   1.764206e-01
        22    8.40000000     6.390498e-01   1.804751e-01   1.804751e-01
        23    8.60000000     6.341485e-01   1.829257e-01   1.829257e-01
        24    8.80000000     6.310462e-01   1.844769e-01   1.844769e-01
        25    9.00000000     6.290951e-01   1.854525e-01   1.854525e-01
        26    9.20000000     6.289014e-01   1.855493e-01   1.855493e-01
        27    9.40000000     6.318425e-01   1.840788e-01   1.840788e-01
        28    9.60000000     6.390150e-01   1.804925e-01   1.804925e-01
        29    9.80000000     6.504284e-01   1.747858e-01   1.747858e-01
        30   10.00000000     6.650031e-01   1.674985e-01   1.674985e-01
        31   10.20000000     6.812374e-01   1.593813e-01   1.593813e-01
        32   10.40000000     6.978744e-01   1.510628e-01   1.510628e-01
        33   10.60000000     7.139869e-01   1.430065e-01   1.430065e-01
        34   10.80000000     7.285126e-01   1.357437e-01   1.357437e-01
        35   11.00000000     7.398478e-01   1.300761e-01   1.300761e-01
        36   11.20000000     7.461368e-01   1.269316e-01   1.269316e-01
        37   11.40000000     7.463019e-01   1.268490e-01   1.268490e-01
        38   11.60000000     7.411058e-01   1.294471e-01   1.294471e-01
        39   11.80000000     7.332844e-01   1.333578e-01   1.333578e-01
        40   12.00000000     7.263612e-01   1.368194e-01   1.368194e-01
        41   12.20000000     7.227764e-01   1.386118e-01   1.386118e-01
        42   12.40000000     7.225815e-01   1.387092e-01   1.387092e-01
        43   12.60000000     7.236454e-01   1.381773e-01   1.381773e-01
        44   12.80000000     7.232679e-01   1.383660e-01   1.383660e-01
        45   13.00000000     7.200657e-01   1.399671e-01   1.399671e-01
        46   13.20000000     7.147695e-01   1.426153e-01   1.426153e-01
        47   13.40000000     7.093927e-01   1.453036e-01   1.453036e-01
        48   13.60000000     7.054868e-01   1.472566e-01   1.472566e-01
        49   13.80000000     7.028934e-01   1.485533e-01   1.485533e-01
        50   14.00000000     6.999946e-01   1.500027e-01   1.500027e-01
        51   14.20000000     6.952533e-01   1.523733e-01   1.523733e-01
        52   14.40000000     6.887803e-01   1.556099e-01   1.556099e-01
        53   14.60000000     6.826147e-01   1.586926e-01   1.586926e-01
        54   14.80000000     6.794043e-01   1.602978e-01   1.602978e-01
        55   15.00000000     6.804339e-01   1.597831e-01   1.597831e-01
        56   15.20000000     6.844911e-01   1.577545e-01   1.577545e-01
        57   15.40000000     6.884538e-01   1.557731e-01   1.557731e-01
        58   15.60000000     6.892100e-01   1.553950e-01   1.553950e-01
        59   15.80000000     6.855352e-01   1.572324e-01   1.572324e-01
        60   16.00000000     6.786029e-01   1.606986e-01   1.606986e-01
        61   16.20000000     6.708745e-01   1.645628e-01   1.645628e-01
        62   16.40000000     6.643432e-01   1.678284e-01   1.678284e-01
        63   16.60000000     6.595121e-01   1.702439e-01   1.702439e-01
        64   16.80000000     6.557730e-01   1.721135e-01   1.721135e-01
        65   17.00000000     6.526704e-01   1.736648e-01   1.736648e-01
        66   17.20000000     6.508538e-01   1.745731e-01   1.745731e-01
        67   17.40000000     6.518452e-01   1.740774e-01   1.740774e-01
        68   17.60000000     6.567790e-01   1.716105e-01   1.716105e-01
        69   17.80000000     6.651792e-01   1.674104e-01   1.674104e-01
        70   18.00000000     6.748669e-01   1.625665e-01   1.625665e-01
        71   18.20000000     6.832263e-01   1.583869e-01   1.583869e-01
        72   18.40000000     6.889805e-01   1.555097e-01   1.555097e-01
        73   18.60000000     6.931737e-01   1.534131e-01   1.534131e-01
        74   18.80000000     6.985718e-01   1.507141e-01   1.507141e-01
        75   19.00000000     7.078273e-01   1.460864e-01   1.460864e-01
        76   19.20000000     7.216423e-01   1.391789e-01   1.391789e-01
        77   19.40000000     7.381644e-01   1.309178e-01   1.309178e-01
        78   19.60000000     7.539545e-01   1.230227e-01   1.230227e-01
        79   19.80000000     7.657730e-01   1.171135e-01   1.171135e-01

# Statistics of the imaginary parts (max,min): 
#  O1:    3.47825988e-16,   -2.13764573e-16 
#  H2:    7.94796751e-17,   -4.54973937e-17 
#  H3:    5.77094949e-17,   -4.49327692e-17 
