 #*********************************************************
 #*** This file contains the Lowdin partial charge data ***
 #*********************************************************
# 1 a.u. of time = 0.0241888433 fs
#----------------------------------------------------------------------
#      No.   Time (a.u.)               O1             H2             H3
#----------------------------------------------------------------------
         0    0.00000000     8.066829e-01   9.665857e-02   9.665857e-02
         1    0.20000000     8.008521e-01   9.957395e-02   9.957395e-02
         2    0.40000000     7.853964e-01   1.073018e-01   1.073018e-01
         3    0.60000000     7.651744e-01   1.174128e-01   1.174128e-01
         4    0.80000000     7.450860e-01   1.274570e-01   1.274570e-01
         5    1.00000000     7.277365e-01   1.361317e-01   1.361317e-01
         6    1.20000000     7.128830e-01   1.435585e-01   1.435585e-01
         7    1.40000000     6.986685e-01   1.506657e-01   1.506657e-01
         8    1.60000000     6.836233e-01   1.581884e-01   1.581884e-01
         9    1.80000000     6.680516e-01   1.659742e-01   1.659742e-01
        10    2.00000000     6.538769e-01   1.730615e-01   1.730615e-01
        11    2.20000000     6.431935e-01   1.784032e-01   1.784032e-01
        12    2.40000000     6.368072e-01   1.815964e-01   1.815964e-01
        13    2.60000000     6.339650e-01   1.830175e-01   1.830175e-01
        14    2.80000000     6.333658e-01   1.833171e-01   1.833171e-01
        15    3.00000000     6.344862e-01   1.827569e-01   1.827569e-01
        16    3.20000000     6.380643e-01   1.809678e-01   1.809678e-01
        17    3.40000000     6.452876e-01   1.773562e-01   1.773562e-01
        18    3.60000000     6.562950e-01   1.718525e-01   1.718525e-01
        19    3.80000000     6.692630e-01   1.653685e-01   1.653685e-01
        20    4.00000000     6.809752e-01   1.595124e-01   1.595124e-01
        21    4.20000000     6.885913e-01   1.557044e-01   1.557044e-01
        22    4.40000000     6.913360e-01   1.543320e-01   1.543320e-01
        23    4.60000000     6.908499e-01   1.545751e-01   1.545751e-01
        24    4.80000000     6.899119e-01   1.550440e-01   1.550440e-01
        25    5.00000000     6.904359e-01   1.547820e-01   1.547820e-01
        26    5.20000000     6.922014e-01   1.538993e-01   1.538993e-01
        27    5.40000000     6.932392e-01   1.533804e-01   1.533804e-01
        28    5.60000000     6.915418e-01   1.542291e-01   1.542291e-01
        29    5.80000000     6.867987e-01   1.566006e-01   1.566006e-01
        30    6.00000000     6.808909e-01   1.595546e-01   1.595546e-01
