 #*********************************************************
 #*** This file contains the Lowdin partial charge data ***
 #*********************************************************
# 1 a.u. of time = 0.0241888433 fs
#----------------------------------------------------------------------
#      No.   Time (a.u.)               O1             H2             H3
#----------------------------------------------------------------------
         0    0.00000000     8.066829e-01   9.665857e-02   9.665857e-02
         1    0.20000000     8.008520e-01   9.957400e-02   9.957400e-02
         2    0.40000000     7.853962e-01   1.073019e-01   1.073019e-01
         3    0.60000000     7.651741e-01   1.174130e-01   1.174130e-01
         4    0.80000000     7.450855e-01   1.274572e-01   1.274572e-01
         5    1.00000000     7.277361e-01   1.361320e-01   1.361320e-01
         6    1.20000000     7.128826e-01   1.435587e-01   1.435587e-01
         7    1.40000000     6.986681e-01   1.506660e-01   1.506660e-01
         8    1.60000000     6.836228e-01   1.581886e-01   1.581886e-01
         9    1.80000000     6.680510e-01   1.659745e-01   1.659745e-01
        10    2.00000000     6.538764e-01   1.730618e-01   1.730618e-01
        11    2.20000000     6.431930e-01   1.784035e-01   1.784035e-01
        12    2.40000000     6.368065e-01   1.815967e-01   1.815967e-01
        13    2.60000000     6.339638e-01   1.830181e-01   1.830181e-01
        14    2.80000000     6.333640e-01   1.833180e-01   1.833180e-01
        15    3.00000000     6.344841e-01   1.827579e-01   1.827579e-01
        16    3.20000000     6.380623e-01   1.809688e-01   1.809688e-01
        17    3.40000000     6.452856e-01   1.773572e-01   1.773572e-01
        18    3.60000000     6.562930e-01   1.718535e-01   1.718535e-01
        19    3.80000000     6.692605e-01   1.653698e-01   1.653698e-01
        20    4.00000000     6.809719e-01   1.595140e-01   1.595140e-01
        21    4.20000000     6.885873e-01   1.557064e-01   1.557064e-01
        22    4.40000000     6.913314e-01   1.543343e-01   1.543343e-01
        23    4.60000000     6.908449e-01   1.545776e-01   1.545776e-01
        24    4.80000000     6.899064e-01   1.550468e-01   1.550468e-01
        25    5.00000000     6.904298e-01   1.547851e-01   1.547851e-01
        26    5.20000000     6.921949e-01   1.539025e-01   1.539025e-01
        27    5.40000000     6.932322e-01   1.533839e-01   1.533839e-01
        28    5.60000000     6.915340e-01   1.542330e-01   1.542330e-01
        29    5.80000000     6.867904e-01   1.566048e-01   1.566048e-01
        30    6.00000000     6.808834e-01   1.595583e-01   1.595583e-01
        31    6.20000000     6.768238e-01   1.615881e-01   1.615881e-01
        32    6.40000000     6.769484e-01   1.615258e-01   1.615258e-01
        33    6.60000000     6.816785e-01   1.591608e-01   1.591608e-01
        34    6.80000000     6.896506e-01   1.551747e-01   1.551747e-01
        35    7.00000000     6.989586e-01   1.505207e-01   1.505207e-01
        36    7.20000000     7.084540e-01   1.457730e-01   1.457730e-01
        37    7.40000000     7.181307e-01   1.409346e-01   1.409346e-01
        38    7.60000000     7.284446e-01   1.357777e-01   1.357777e-01
        39    7.80000000     7.392687e-01   1.303657e-01   1.303657e-01
        40    8.00000000     7.494057e-01   1.252972e-01   1.252972e-01
        41    8.20000000     7.570236e-01   1.214882e-01   1.214882e-01
        42    8.40000000     7.605775e-01   1.197113e-01   1.197113e-01
        43    8.60000000     7.594240e-01   1.202880e-01   1.202880e-01
        44    8.80000000     7.537148e-01   1.231426e-01   1.231426e-01
        45    9.00000000     7.438650e-01   1.280675e-01   1.280675e-01
        46    9.20000000     7.302466e-01   1.348767e-01   1.348767e-01
        47    9.40000000     7.134229e-01   1.432886e-01   1.432886e-01
        48    9.60000000     6.946238e-01   1.526881e-01   1.526881e-01
        49    9.80000000     6.758824e-01   1.620588e-01   1.620588e-01
        50   10.00000000     6.595099e-01   1.702451e-01   1.702451e-01
        51   10.20000000     6.471450e-01   1.764275e-01   1.764275e-01
        52   10.40000000     6.390345e-01   1.804827e-01   1.804827e-01
        53   10.60000000     6.341327e-01   1.829337e-01   1.829337e-01
        54   10.80000000     6.310313e-01   1.844843e-01   1.844843e-01
        55   11.00000000     6.290813e-01   1.854593e-01   1.854593e-01
        56   11.20000000     6.288868e-01   1.855566e-01   1.855566e-01
        57   11.40000000     6.318256e-01   1.840872e-01   1.840872e-01
        58   11.60000000     6.389966e-01   1.805017e-01   1.805017e-01
        59   11.80000000     6.504098e-01   1.747951e-01   1.747951e-01
        60   12.00000000     6.649843e-01   1.675078e-01   1.675078e-01
        61   12.20000000     6.812183e-01   1.593909e-01   1.593909e-01
        62   12.40000000     6.978551e-01   1.510724e-01   1.510724e-01
        63   12.60000000     7.139674e-01   1.430163e-01   1.430163e-01
        64   12.80000000     7.284918e-01   1.357541e-01   1.357541e-01
        65   13.00000000     7.398247e-01   1.300876e-01   1.300876e-01
        66   13.20000000     7.461109e-01   1.269446e-01   1.269446e-01
        67   13.40000000     7.462751e-01   1.268625e-01   1.268625e-01
        68   13.60000000     7.410813e-01   1.294594e-01   1.294594e-01
        69   13.80000000     7.332619e-01   1.333690e-01   1.333690e-01
        70   14.00000000     7.263377e-01   1.368311e-01   1.368311e-01
        71   14.20000000     7.227500e-01   1.386250e-01   1.386250e-01
        72   14.40000000     7.225528e-01   1.387236e-01   1.387236e-01
        73   14.60000000     7.236155e-01   1.381923e-01   1.381923e-01
        74   14.80000000     7.232371e-01   1.383815e-01   1.383815e-01
        75   15.00000000     7.200347e-01   1.399826e-01   1.399826e-01
        76   15.20000000     7.147404e-01   1.426298e-01   1.426298e-01
        77   15.40000000     7.093668e-01   1.453166e-01   1.453166e-01
        78   15.60000000     7.054630e-01   1.472685e-01   1.472685e-01
        79   15.80000000     7.028694e-01   1.485653e-01   1.485653e-01
        80   16.00000000     6.999695e-01   1.500153e-01   1.500153e-01
        81   16.20000000     6.952270e-01   1.523865e-01   1.523865e-01
        82   16.40000000     6.887525e-01   1.556238e-01   1.556238e-01
        83   16.60000000     6.825854e-01   1.587073e-01   1.587073e-01
        84   16.80000000     6.793738e-01   1.603131e-01   1.603131e-01
        85   17.00000000     6.804017e-01   1.597991e-01   1.597991e-01
        86   17.20000000     6.844566e-01   1.577717e-01   1.577717e-01
        87   17.40000000     6.884177e-01   1.557912e-01   1.557912e-01
        88   17.60000000     6.891738e-01   1.554131e-01   1.554131e-01
        89   17.80000000     6.854989e-01   1.572506e-01   1.572506e-01
